2
2
in.nec
70
45
y
1
1
1
1
10
1
1
1000000
4
2
in.nec
70
45
y
1
1
1
1
10
1
1
1000000
4
2
in.nec
70
45
y
1
1
1
1
10
1
1
1000000
4
2
in.nec
70
45
y
1
1
1
1
10
1
1
1000000
4
2
in.nec
70
45
y
1
1
1
1
10
1
1
1000000
4
2
in.nec
70
45
y
1
1
1
1
10
1
1
1000000
4
2
in.nec
70
45
y
1
1
1
1
10
1
1
1000000
4
2
in.nec
70
45
y
1
1
1
1
10
1
1
1000000
4
2
in.nec
70
45
y
1
1
1
1
10
1
1
1000000
4
2
in.nec
70
45
y
1
1
1
1
10
1
1
1000000
4
2
in.nec
70
45
y
1
1
1
1
10
1
1
1000000
4
2
in.nec
70
45
y
1
1
1
1
10
1
1
1000000
4
2
in.nec
70
45
y
1
1
1
1
10
1
1
1000000
4
2
in.nec
70
45
y
1
1
1
1
10
1
1
1000000
4
2
in.nec
70
45
y
1
1
1
1
10
1
1
1000000
4
2
in.nec
70
45
y
1
1
1
1
10
1
1
1000000
4
2
in.nec
70
45
y
1
1
1
1
10
1
1
1000000
4
2
in.nec
70
45
y
1
1
1
1
10
1
1
1000000
4
2
in.nec
70
45
y
1
1
1
1
10
1
1
1000000
4
2
in.nec
70
45
y
1
1
1
1
10
1
1
1000000
4
2
in.nec
70
45
y
1
1
1
1
10
1
1
1000000
4
2
in.nec
70
45
y
1
1
1
1
10
1
1
1000000
4
2
in.nec
70
45
y
1
1
1
1
10
1
1
1000000
4
2
in.nec
70
45
y
1
1
1
1
10
1
1
1000000
4
2
in.nec
70
45
y
1
1
1
1
10
1
1
1000000
4
2
in.nec
70
45
y
1
1
1
1
10
1
1
1000000
4
2
in.nec
70
45
y
1
1
1
1
10
1
1
1000000
4
2
in.nec
70
45
y
1
1
1
1
10
1
1
1000000
4
2

